	PC1	PC2	PC3	Type
0	539.8623459152016	2233.62817281607	156.6193176629619	2
1	-1121.5981986947886	-404.51113256481415	26.556274566281793	14
2	-726.548219444687	515.1517350115563	-655.2829885875398	1
3	-833.7488629558821	-64.07360371815695	-326.6903054440274	18
4	-635.8486033923008	163.74785868368286	-77.97534282488994	15
5	-686.8179527362563	-225.4801643824834	208.35364358372482	16
6	-361.60114887129254	763.0056439353566	-237.75354232295595	15
7	-1040.2944056978072	-161.9768653482454	136.92819272258322	4
8	-538.318227230342	482.4096389122726	-111.17866738411442	14
9	-773.9474265423763	271.4246503385506	-635.8487119314472	11
10	589.3399833506246	1027.500413846211	1532.904210715924	7
11	-876.0505994708673	-73.21575288185647	-1023.2845088424999	16
12	-261.5167003741084	217.074254928231	282.9715204507571	4
13	-627.1848182957659	686.9316597004602	-269.5458214953568	2
14	-636.5513933356252	344.0108470319041	-1038.9297659740892	10
15	-1197.4719511278738	-774.3009372760785	241.45595557918804	16
16	6786.961797087991	-183.35842909877488	-487.78627386572487	11
17	-844.7937864845582	62.652422920386726	-606.2204720819967	3
18	-404.20901760650645	1245.3062560957792	-163.90493996783752	9
19	-87.32901378752574	766.3159935011181	248.43731103977098	4
20	-1080.789593751895	-384.4574531032721	279.23408821379974	16
21	-340.3751241129617	368.5813882025143	-209.67595986306088	16
22	-1050.3151658094305	-442.0137996184661	291.55268393501336	18
23	-604.6927578918259	763.4868963501782	-199.2774897093235	16
24	-672.2598960864268	791.2870974072569	70.35015819185564	6
25	-1169.738302567049	-482.65823604941306	195.67756689541864	15
26	-557.4500223597905	-191.1478988108657	62.07092402394807	5
27	-716.1063050171676	812.7819271188525	-574.0657610665559	4
28	-313.9735955037635	475.2812847858238	-972.3703399584057	16
29	-80.10073048983028	957.8235207053274	1182.5912551670867	5
30	-1166.4445276167792	-531.9539003667462	-0.846993265112296	7
31	-1101.3930424375485	-315.5035639738679	-157.04414458259438	14
32	-760.1444159324169	327.96437336584444	-242.96409905495454	11
33	-1201.629747862564	-673.089573621357	-105.4553070901146	4
34	-1126.605003335198	-331.0065279753112	-392.5500766198831	7
35	-1159.4306143848087	-558.1366483189082	134.50133208116446	12
36	-1040.947311142994	-131.06062683649264	-122.56454986693674	8
37	-49.97446254955081	306.01416078504906	175.87194160847355	16
38	-1058.1559914292682	-336.77380780795204	29.65423744220076	11
39	-1041.1296368373407	-169.12767940549503	490.87349021391464	11
40	-393.5546205476893	752.107790707412	-68.82239789123543	16
41	-993.6258748279972	25.78838351532565	-512.2305759144626	2
42	448.18149809748513	1832.1026840113504	-290.5345409855406	5
43	-1027.0793102830542	-296.78383392563285	63.21482016850311	18
44	-302.412315163004	615.562167223546	729.1449025771532	18
45	-898.9333431962323	49.791656024502586	-722.2073054598559	14
46	-1234.0341259973932	-843.046543190516	222.14429727011154	15
47	-1067.3924541586548	-152.02187065740605	-59.228570229114034	2
48	-1187.5637135521258	-644.1447190613144	57.95760648075703	2
49	-1056.5641925865905	43.06905376508378	-110.41686573365297	5
50	6585.600884573315	-858.0638695590965	-261.92005025709386	4
51	-922.9812039230351	87.13439818410026	552.6009902295834	4
52	-1130.1000553107147	-374.07852886676346	236.12880413784424	4
53	-838.6429599742219	193.32689613228348	-308.1143314287387	16
54	-807.6224907073607	-57.79817247809767	-215.0090641513886	1
55	7113.21904968358	268.44975294868175	145.95615570619321	9
56	-100.18632174131916	1539.1036653970086	70.4117083567631	11
57	-481.5856368602899	217.4817533919184	-476.3608595230879	9
58	-264.1278558196003	1810.4312670910751	244.69870372283518	4
59	-1060.6939376244009	-389.55479632264036	-326.1889704970847	10
60	-997.4416070740964	-415.50960952382513	266.23799271055924	16
61	-1187.7319070341732	-627.517553011764	-200.43512757318618	16
62	-395.5485671085667	255.42731209141303	220.52986028771284	4
63	7193.834947515605	451.5194710673711	37.62634484826947	2
64	-804.8528123975113	31.760917901885136	-491.4825867672906	9
65	-780.5841534394608	-268.21588846581557	52.710602583167	4
66	-945.1089727578852	66.82784172943552	-342.7990711398113	2
67	7093.196998033378	219.80747953269042	115.70438599464677	11
68	-704.0034954697728	576.8534536908451	79.33286036892838	15
69	-1207.5750928471257	-682.9938216660553	150.33069946036963	15
70	7060.530023453012	48.19717307070732	-27.089734768421295	11
71	-1227.6025157556562	-766.515266934756	-120.820395891949	2
72	-1053.1173270288314	-303.1851526152653	-429.9895539205725	11
73	-1123.5184726807038	-231.090965251553	203.73816717797374	2
74	-997.5188068228315	-231.0106939990933	-517.1656037318053	4
75	-768.370807132294	-64.72750845044445	-816.9179588663889	4
76	-1240.131391702724	-901.8789346591046	-110.40195579831212	18
77	-635.0438713854873	414.5115600141162	354.9266529436334	18
78	6195.0677444598905	-1271.3900715180598	-112.57146913728539	18
79	-1054.159966749556	-361.9694906638632	453.273733268488	2
80	-634.4795938193209	613.1874174922748	-273.5584869654344	2
81	-444.68948826671806	1122.3252357518531	215.76611935913877	9
82	-1124.2199384256196	-322.8765870011554	184.32025701082307	16
83	-809.8253228895527	-165.90942511791474	142.73617781288365	2
84	-455.16462195428306	534.78196405747	14.776042617785665	11
85	-1183.0772672696762	-600.7315213333188	6.193657021489656	11
86	-1079.980437414093	-17.335271605216462	556.8568303607185	18
87	-1187.1658215637108	-520.2419506502663	-74.51393410912783	4
88	-1225.2376176477856	-755.8855386117048	-55.87619340460423	18
89	-1121.2482120553911	-357.3228908721295	74.04349170241406	14
90	6033.610341377255	-245.24715134968892	127.15726713642195	15
91	-759.8023979571575	-349.142171559556	263.66523021651324	8
92	-764.564252083097	883.4644842422467	461.36508136291593	4
93	-177.3640388486521	596.4563455158933	-104.47581081051848	9
94	7006.367813847968	-427.0235444690914	-135.34246022882058	18
95	-1126.6028555355545	-253.10412434410142	-242.07467233260743	9
96	-1018.3548493356423	32.88938763144084	-442.50363319511587	9
97	-1204.5192950097783	-650.9350805658518	-9.725970308418077	4
98	-1190.3045332803572	-636.5059210096391	-78.78957948395907	2
99	-1211.7331796250714	-715.1704260642064	19.346215989220703	2
100	216.14203888210443	885.7075780456508	-25.95234255564702	2
101	-1077.2793704687542	-252.09007885368032	-239.00615735656598	2
102	-1143.2557558185165	-441.301782888705	-252.20334598543496	2
103	-1074.3662378715965	-182.44936168713724	-239.4139353632827	9
104	-1128.6006062306853	-743.6883137799596	-311.5095830457969	14
105	-969.7189164148133	-341.2695841616728	609.5160689708308	11
106	-1203.5218693384516	-718.1280312353174	142.01389120571153	14
107	-519.5274324244335	1033.3536621512603	-20.95972831402755	4
108	-1117.899879340108	-479.753954840898	132.12983735791744	11
109	-1127.1442807039384	-462.6516564058454	416.45504665909976	11
110	-512.7168397395916	503.824345578566	369.5919107892338	11
111	-802.4711966647617	356.1604285575999	136.00533143313635	12
112	-655.5043924098178	1034.9764940359798	523.5953976432593	6
113	-1079.4949997674132	14.225218852323962	224.85070960905682	6
114	-1166.956228424366	-366.0114996153144	168.0059949388565	6
115	-587.8358862476898	643.9768468307553	444.56493532145436	11
116	-676.661736118688	195.90365919545945	-30.5338487306268	15
117	-340.13453536277336	-164.3117947315214	-303.03254331012954	8
118	-1022.3737315579364	-466.7730734336624	634.4112140136215	18
119	-885.4937438173306	84.23226532696889	-586.0559252188057	9
120	6791.604317753653	-372.0884144725296	-21.556288709336002	6
121	785.440135726652	307.26561938106806	636.1900289758426	17
122	-1032.6974949166106	-165.3153216839588	437.93272425610485	11
123	-922.0075770813809	139.4327318597322	109.83313791127881	11
124	6971.964990910034	-96.79455318237865	-74.48053435069914	14
125	7114.638708465115	137.69702315316113	-128.35741857022288	14
126	-1158.3658714898727	-445.2519755571914	437.2483725626572	2
127	6463.188689914084	-261.8665717911669	-410.5292095102824	17
128	6925.092586132569	-322.88635196715234	-250.28746826009893	17
129	-675.8479997163519	337.5723210041057	-257.9827171363266	16
130	-1004.767766062893	-129.0857145270932	-279.0135934067149	16
131	-723.3444363612001	33.44321050809103	-51.22069623402335	11
132	-490.7376214284633	537.0661419906044	-407.6901538799029	14
133	-1113.416401957893	-378.01967943767045	57.87259717154988	3
134	-598.9740818610326	-321.6195820632248	384.81745918857837	3
135	-910.5463861672315	377.6394166841269	-438.9158186198115	11
136	-295.6011660242151	491.1039402507998	213.24485668727735	18
137	-408.906555766462	971.9259707830149	113.70354821175474	5
138	-1024.779611655758	34.626422311683406	-435.1756055434051	5
139	-1158.9425830768596	-399.1458487763525	-74.17446624472234	12
140	7179.760061085512	417.3156609088694	133.6968607516567	18
141	-1200.4018751602966	-561.9923636644045	50.81950387838126	9
142	-506.9738938998672	-146.5916342795909	-237.8201489114818	1
143	-417.62149908134677	136.04972737779414	293.6903970909696	9
144	7071.834880530358	115.26360492285164	-65.20005227198283	2
145	-1158.813460207173	-490.7083373021659	185.0733270377268	9
146	6709.098871492752	-319.73269415808875	-136.03725403130534	2
147	-1127.936161260543	-460.01385890568315	61.29929085537791	10
148	-1045.201452529998	-187.67107457058063	-476.8114821811555	4
149	-1102.2462861152824	-396.2317004641451	-388.1146624041453	1
150	-896.9168367387476	123.49339692062773	-391.05846840696466	4
151	-914.734802345676	229.88760328117817	-477.35618189095527	5
152	-209.5978496039731	-36.94390158004972	-800.7964481637368	9
153	-788.5960592340516	108.82262434193284	39.852317396891195	14
154	-940.423944153505	131.64745563739163	530.5857696404445	11
155	-1040.6546063135884	-137.135219891254	-510.06978957297133	11
156	7173.375067292802	318.9985023051672	49.639205128427534	11
157	6720.341711990857	-988.5142759823623	224.9220271974197	8
158	-10.12706314388332	539.9744477979306	153.75195496045328	15
159	-909.2534583292224	241.29450545580661	-286.19161071526725	16
160	-219.09211650532944	-2.813304415139527	-436.95851793332565	4
161	-1231.4742431541556	-751.4653427884593	30.976035962731437	12
162	-1164.448755526404	-377.9817203149804	381.4617254949797	4
163	-877.6316452334615	-413.3766981635981	-537.6323768951096	4
164	-1097.2864904299881	-533.3753951681714	-506.46554047278585	4
165	-482.6299444794019	934.292690393191	317.21468954946926	12
166	-427.26098273838744	8.43198157787721	717.0186223324206	15
167	-619.2157618299794	-564.089511229716	-255.39331997481904	3
168	-804.9529072380699	-124.25583492049293	-901.6291364133612	7
169	-677.6170842566337	632.871552082168	-477.1254564677302	7
170	6977.659066325194	-60.362994851181725	46.2836746557619	4
171	3.2681830177251925	114.77209543461619	578.7507896247265	3
172	-1071.6302583978797	-165.36669691678668	-643.4848079895094	7
173	-785.3155208876008	357.470682107863	-627.0250290808666	8
174	-1165.1304898082722	-757.0059164554766	-115.7250014131229	8
175	-1030.0298238223816	-337.88794130630345	401.4959380498825	12
176	-1066.6197624502424	-133.55141352708108	97.75832623720746	14
177	-377.04380788594005	145.71356185990692	-72.18290732890945	7
178	-1109.084912730851	-218.81880068042685	-205.61633066495298	11
179	-1019.8365989224123	-11.168365545176556	318.41957925698506	12
180	-1069.8838755442373	-230.7949379507535	656.6410027739071	4
181	-981.9491429214246	365.00502174255473	136.46076920351297	14
182	-1132.0110995195869	-507.1176391400516	267.75814506374417	18
183	-591.3164564701518	770.5150860177275	68.26842450549219	8
184	-329.9608092677595	295.37662842953745	326.7324070893335	8
185	-1148.1399831039964	-385.14524521923954	25.285257131705528	8
186	-834.952806243494	97.73442524359706	728.800855329593	18
187	-1145.1579288518326	-515.2488216890216	292.00247582824085	18
188	-1059.1389325371888	-339.37000597368336	-92.39545993056547	10
189	-660.5558296357888	-200.76524095973073	501.8336841552666	10
190	-1159.3615708370255	-541.0113572035831	6.3169546420016545	4
191	-1186.988071980817	-563.4084892652436	146.79302431787625	3
192	-789.2780967681485	198.84665026776588	-163.9302214040974	10
193	-210.80407990134574	770.4119420608521	423.6413916857335	10
194	-1110.144689312907	-279.5170735757081	488.5114254249352	10
195	-768.4871448651319	919.0932054916136	476.3102791711971	10
196	-1081.615631239587	-299.2594382169365	-31.943220038245336	10
197	-1067.5518583180854	-221.60456814144698	-654.8478414359229	14
198	-272.6614330565839	529.5194934424509	46.154883454410694	9
199	-1067.575218461385	-119.20966496762686	-111.27650458435849	10
200	-667.3692376969395	-12.630330112102762	-328.3933177247906	11
201	-579.2285868747877	323.6600698586962	-54.76536998714194	9
202	-508.28825787167375	612.8539168472621	-66.303870110149	18
203	-965.8029442562886	-21.040415530748987	-525.4304103484081	14
204	-1044.3963716024055	-98.86605704733054	-192.98215734011978	14
205	-750.199460435721	-92.47327664079823	-76.7076703222995	12
206	-917.0367450185537	17.436280238675977	1197.0222651427016	2
207	-510.5413377692703	442.0866611743064	-464.1567079509609	2
208	-258.4894202167901	1163.1566291276795	123.64397861954276	4
209	-1131.4537311878692	-368.1195879844447	-91.49438460065147	4
210	-537.1669403580074	66.95887291841389	461.1397856652292	4
211	-1229.3517356401544	-746.3724857370006	-20.169337521008195	11
212	-1073.361733019241	-206.34501880501165	44.174127099216264	9
213	-330.9318486300052	1215.225714099376	-134.49520647001887	11
214	-1072.675576871175	-142.889249598993	34.27948383672951	2
215	-403.27553792086326	217.0988771443948	1019.3494444721462	2
216	-1202.4147851458022	-670.048822591892	267.1444573325455	11
217	-919.7151333163695	369.789125631035	-625.4516070817288	10
218	-997.3408033957027	-227.70136375888032	-295.7666513692759	6
219	-707.1536982145708	386.52264643308405	143.44372850128434	9
220	-1063.5835803075518	-700.16770337453	106.89276529950271	9
221	-1223.8188480571434	-779.1280625373905	154.00380395365713	4
222	-686.3501620513043	435.4932790651653	-576.3059471443845	11
223	-1002.3986561208708	-470.1340515563926	27.869745652921672	6
224	-599.8562393597676	254.80977161779566	-436.24053458452175	6
225	-490.893421392159	177.58719626409695	31.15297136556989	12
226	7182.8982892377935	385.51796243706485	110.26142769356863	2
227	-1144.8494860217143	-344.6891915319901	-53.042534522982116	2
228	-572.0332174840682	1049.988330975413	-100.32248888821164	18
229	-805.0504112747929	88.71541002887543	61.67083239544244	7
230	-814.0702459145999	335.0983611125564	-735.9793512809315	11
231	-1059.6994891806585	-101.02872105610592	1.2869282108366704	11
232	-1014.3178241096015	-138.3357563737261	190.39007328410204	11
233	-880.7475117927994	276.1689341551675	-868.8335764801454	5
234	-704.8762807371053	635.283459400399	-573.766063828022	4
235	-679.3087886731681	367.81905542841355	-188.40966663818585	4
236	-922.6389874644882	-32.739034821544806	-434.7747694221349	7
237	-854.3404880431457	-221.79162985257295	-566.2552795016801	14
238	-808.3076077712534	32.453315879163284	957.5498988914255	18
239	-169.35218925741205	828.9092475502707	218.23801092844934	3
240	-296.3894293338233	232.53396792029764	-116.71215029315678	7
241	-505.63947383024544	361.0704189971285	-1226.0038707084982	14
242	-1159.8492043251456	-518.7264133954188	203.32025500579695	8
243	-824.1839524827308	248.32964436690273	-484.22824833331777	11
244	-639.7756187470368	259.837610231614	-415.8437319081382	18
245	-613.8404725596445	810.8125290419932	197.9231237694425	8
246	-1120.820788543429	-687.5734690199635	508.04892261456547	16
247	-1089.9624716347369	-249.25127944563997	109.89956395801514	7
248	-520.6680401065331	-102.59386504645931	8.849362906235172	16
249	-987.0962367789541	-386.18698939083947	-370.60034724373855	4
250	284.72995280680215	625.135196686662	-701.13212769336	8
251	-969.9879655763616	-99.83525851580535	-397.92396811264416	5
252	-702.5345994682735	733.0880057825639	349.5246495070951	5
253	-979.6259396280338	-110.2091538570308	-237.6172553870369	4
254	-813.2862590228827	226.20270587048037	157.6607270486228	12
255	-452.6209445682365	213.58053537097624	554.008698430093	12
256	-1085.829541946549	-282.2020441858659	177.76229058882564	2
257	-766.765426585197	224.32849783257774	-134.18602095257538	2
258	-991.0964159243528	-687.104650872724	544.9237473362776	3
259	-1152.3784807239954	-624.9122890789919	489.682279855742	11
260	-872.0900098619792	262.8618957890312	-147.82313132370578	11
261	-452.08697385386824	673.8338523508883	317.8561176721732	16
262	-943.4920200107506	106.21121639749879	154.13544704605374	12
263	6577.127218773105	-502.78124274131915	-76.99073288952297	18
264	488.29076680213416	870.5171398327094	106.04621135845336	12
265	-396.3074637762671	612.8292656800717	-1064.834055792304	7
266	-1150.161817771222	-318.10058443389346	53.059156271111085	7
267	-995.3865354538267	-128.5008094154126	-33.44280727438365	11
268	-1149.4183643151212	-402.969707357159	193.33760137766808	14
269	-766.2633294477108	-261.3493168888357	-505.42856072515934	14
270	-920.2519900892551	-547.7351794186782	-241.14147210786803	14
271	-958.9267452031145	58.19893126207735	-345.9331456535213	8
272	-419.63111898850394	1114.2967899344249	-367.28543584081456	6
273	-571.6771790549599	771.5249547710195	692.1089946142962	16
274	-712.5446092461153	148.77484647962217	107.21668321199428	11
275	-1093.630337563214	-219.42077263382535	132.02950001143165	3
276	-844.1305316616922	102.45487626343618	132.0231031760467	2
277	-325.2387833844604	408.927268723982	-91.19478231683689	12
278	-936.1215482718724	-199.33827446774927	-321.0839274273214	2
279	-1070.1435376494387	-124.45908276525823	24.719534940527403	9
280	7163.576545539408	383.5490660094524	-69.48979114343979	18
281	-857.5798786816748	256.2011505474477	41.686820934272525	14
282	-1122.4007696744059	-487.02303017523616	281.7321242571921	3
283	6955.470189757765	-389.793512046349	275.47208860741017	4
284	-726.6807666716536	507.96217681707606	-220.3213897904163	17
285	4851.53344823205	-1956.6813008588824	-304.56610063547885	1
286	-640.3527140830507	566.4289698697062	188.2813964402019	11
287	6953.641812547627	-77.80649368111301	176.39709253794962	7
288	-1180.510569482202	-461.72652166711725	37.926350691804494	4
289	110.19147888843622	1126.1338708427115	360.0924044032614	17
290	-861.0743412750373	121.27784545537506	395.8035473392979	8
291	-855.5894914275281	200.20500734686135	201.04657298649724	17
292	-495.2257207240562	55.125238721649154	-306.57901491533636	7
293	-776.7156719915884	265.51183133347837	-162.49377877877066	9
294	-323.8062722265265	326.57296916138694	497.4696807597808	9
295	-1013.3506721125793	-241.16889109281783	-540.9637636895317	10
296	-1086.3496242512242	-244.9734378190208	129.49903801572052	10
297	-773.2765343481965	3.828971209576963	51.2706877945783	18
298	-947.6348483446621	68.14917646782341	-463.90665080676615	4
299	-1030.6205441460147	-46.95948879389371	419.35570919795225	12
300	-697.9991879056615	277.88659399839116	492.9166368180294	12
301	-1027.7147375604723	-142.1679782817024	-313.84775688065986	17
302	-1013.7884371794545	-74.78081054654442	-351.97142046128306	17
303	-998.9635569025212	-32.83691768558013	-11.587535231085326	17
304	-209.6826335522574	188.29289411300346	225.66243801544982	9
305	-874.3719773062608	-247.9080351905497	420.3541705829191	1
306	-883.3352856831932	-232.08524358874385	51.20040451113524	15
307	-909.7588778375374	184.8779425002458	264.2400348572753	14
308	-1119.5626605457007	-324.5955316088715	142.47651267772957	4
309	-1161.4636375217253	-682.8591502497945	119.00120724702228	2
310	-1208.4365561074687	-658.2465657462135	-36.807106684923404	11
311	-908.3652253786906	-216.1561394962792	-353.88010521609925	1
312	-1147.4625679681972	-523.0226870774152	-297.72893890023346	1
313	-1080.7654006989342	-203.95969016152313	102.60980186081389	11
314	-578.2330545935029	-248.27504411730115	71.63657024278348	1
315	-743.8984491891935	418.5248617978363	-127.86880116527749	14
316	-1192.41323517171	-489.24514610528195	115.8422654683281	4
317	-1027.8509712380478	-118.32624433585485	-224.6125280184741	18
318	6466.106194864284	-1110.5916268597337	-65.78009973511939	9
319	-503.5936764003169	316.8843421115104	-277.1923788915483	9
320	-1115.6435379179427	-309.3352918735245	131.91319058186113	1
321	-954.8294139399915	185.33701623228433	-159.5159257518048	2
322	7163.572743499975	334.2265815415076	130.37780823698154	7
323	43.364374540787935	1402.1223976977394	257.36033224355793	11
324	-1103.509899419427	-104.73277900246435	214.20326709495177	4
325	-950.0622051414488	33.84352271507069	288.0061825906869	15
326	-1022.851774422446	26.69627768609002	-22.043153198402734	10
327	-1214.3840370238686	-711.5280907432625	271.2246943202954	18
328	-525.2723763369266	349.53648588216515	-237.8230800036746	2
329	-660.3717679633335	835.2890276287154	-232.40575015313627	5
330	-1199.9930608624395	-644.2060196970373	225.4610541124428	16
331	-977.4410661700201	-136.18208505033797	-110.77988829671466	16
332	-790.2169956854788	300.4025561697457	-11.582530034991215	14
333	-1151.5595658039035	-450.9637808799207	-315.4392579534827	18
334	-360.6645295195733	1036.492594521345	-100.0903899273803	4
335	-1141.8205054619395	-458.4371034530336	-158.99550745365949	18
336	6990.589027147508	22.293440654376695	38.738584999061686	2
337	-1002.0799646400976	24.507332107681975	-404.5097035022617	4
338	-848.4934967306078	154.23494312658056	-554.47311509529	11
339	-996.2655925154545	-210.63675737556716	-473.85919864073236	11
340	-759.2630321181875	294.1696285221206	426.0388313200479	11
341	-1105.8778280045249	-324.21603932123196	-256.392302936586	14
342	-636.5225945787229	777.0991819492732	398.34746336373985	15
343	-1003.7616618962359	-266.7413317623327	-254.9923954220417	15
344	-872.577925874099	177.19588640711208	460.9639285546896	15
345	-440.97417566871763	896.1731069302356	491.6850656528763	15
346	-1201.7436849756773	-597.9415052515612	240.9755569436566	3
347	7119.960609784003	130.06805518411397	-73.892100176339	4
348	6552.118832355331	-909.000464882783	52.24503036981429	7
349	-1050.795371414383	-379.8875124134745	409.1457454176657	11
350	-1145.3699804304556	-460.90361717052906	7.685712822851123	18
351	-1005.4849207943854	-273.15129690275813	-213.32139201168167	18
352	-984.9682911190536	-180.55210368666081	-574.8344700763344	12
353	-573.7400735082588	456.4264098908184	-16.39693870434548	12
354	-754.0361143213022	36.5744337809833	630.7785227335928	11
355	-361.85619218374546	315.6653028053355	993.9484326575981	7
356	-902.2003136748117	269.45877633489323	350.41165603538514	15
357	-1116.3981864909538	-641.239769184764	149.65137109682792	8
358	-387.04191924350425	701.523965792996	-820.2080918341422	12
359	-965.3980184659331	67.78406423699491	364.5869804752952	11
360	-492.43187794110065	723.4969619386243	-485.0813955733279	11
361	-919.0879231637255	371.4152316474323	276.43657455890803	18
362	-1149.8662576053698	-426.6141228370583	-130.6129586631511	16
363	-977.3375646198771	-263.5608714347519	228.71903043409702	7
364	-806.5975016609096	-119.39033615779732	547.5194387351855	7
365	-1009.9532982169202	-129.98249781746026	-380.35467769513485	2
366	-939.835197922101	-489.9626807257488	-586.5147083006058	18
367	-1104.0510387738912	-333.1957897778452	-120.86439283971512	18
368	-1103.6308429546725	-265.9707899150113	381.01175512672563	18
369	-760.7694269470342	770.3898284839282	-17.730985718303252	4
370	-964.47295871505	385.009056078143	215.00739655440498	4
371	-923.7327207268426	-234.6031106694162	-277.21261383679774	1
372	-980.142608069947	-110.89618195508073	-292.1546150766956	16
373	-723.1055805586396	505.13743129406737	-704.7388427596517	2
374	-1120.7548714916343	-310.60544780144073	-147.73679774002724	4
375	-861.1707896548895	92.64301820140656	942.691222242591	4
376	-1022.8198607023567	-127.9015747174793	-281.2166480750249	9
377	7147.163233685281	151.10458523493708	-36.97032334572964	9
378	-1060.7520592994729	35.458346858836634	-153.76090315826502	8
379	-966.0427492638394	-78.36187089616078	-460.67623372623973	11
380	-672.1890667089333	499.9199883791581	-30.892043066457866	4
381	-1177.8821937452317	-626.6158633913375	345.05078667409606	11
382	-566.6017222710616	620.878041120131	134.12353777316548	4
383	-926.5720813794833	-138.02245370756822	-315.63355473447984	17
384	-557.3206919182694	911.109668240007	-174.55911763250484	11
385	135.3014340671116	351.8694364397804	625.6453045987004	14
386	-946.8156454682035	-256.700362716461	368.06997752326237	11
387	5838.089616224828	-698.3704322168367	-586.9981049131093	14
388	-1022.5812082209401	114.51998185754806	-358.9707479872474	16
389	6908.92124702092	-151.61708131778096	82.91295726526437	2
390	-1222.738097834671	-646.4429166849882	86.75294860611214	11
391	-879.9863025534353	4.099242862963578	-421.57522092745614	10
392	-766.5464730574704	-147.8316953907779	-183.18404180873964	10
393	7068.441333016801	123.5991977743098	-5.665886013729278	16
394	-445.31027595597317	552.1082997105641	-319.84958667094133	17
395	-439.84139446232837	1070.9617014364512	202.4369258124459	17
396	-1086.0825812992941	-174.2060982796408	-280.9629817843373	17
397	-1097.6378939544984	-263.57075536633715	-342.7675933583592	9
398	-814.7049035802135	400.1473053792816	-381.78970977736793	9
399	7077.220330292855	165.34790188680302	285.70316603139315	15
400	-1140.8518585542274	-375.16432772763704	196.7562215633818	11
401	-840.373807384033	289.3432223583354	-189.02454159641002	9
402	-181.86166652693188	710.07111204981	162.3415836860181	9
403	-1230.8093215296014	-821.9317791544468	255.92232131602492	10
404	-728.1464399971492	510.4658265977617	473.8664624274682	10
405	-786.3667988531557	205.01417471831658	984.3292288635705	10
406	-885.3129438932913	438.28420529395436	-102.02395011450142	17
407	-325.1591967702568	669.1615166470299	-621.3741724977436	1
408	-66.85326871076563	1153.5149043765516	356.70599763108606	5
409	-1020.7706717084651	3.5363742505366105	-92.39139101115012	11
410	-677.9557923661641	132.56267797920114	11.68329473467115	1
411	-730.6742293154358	625.00953008353	80.88254159124855	10
412	-1113.2011751920586	-380.6080351737287	150.44809053622765	17
413	-610.3968621629615	-52.04552127004834	1013.7709962919746	11
414	-1151.1370563373493	-563.3210726104103	406.54956056415875	11
415	-813.8977225638935	34.38039438995024	67.59289452406249	2
416	7109.26060008213	118.07817017135358	26.44649532392782	3
417	-1044.7637222221197	90.255232389985	269.2385463696231	10
418	-1144.3915230484472	-309.9292494352517	125.07693268925067	11
419	-957.3573947844011	250.53424815871995	-385.24608254494785	12
420	7124.819035092601	93.45953227131963	252.2591012542291	17
421	-920.0435381508969	310.88985963658365	-233.08722249586873	11
422	-852.8138698947474	-51.326680039644685	1064.9702473049438	18
423	-986.5529356812045	-440.5527568613578	117.0718683878251	15
424	-842.1798544538115	124.89623031776192	-581.4861784531635	17
425	-1052.53941742268	-205.5016530847179	-320.97452736576446	17
426	-489.2601368208882	941.0360614756676	-276.13091961035616	2
427	5902.559215224095	-641.2504501637417	-434.5402388447359	15
428	-1120.826278073487	-413.8765289523277	-405.7114701636574	4
429	6928.263974076149	-251.43335735909517	205.97626599034163	15
430	-901.63514604102	-18.055900651223325	-194.41752153386136	14
431	-1065.5233004301688	-82.76614024660755	-157.95144012436754	4
432	-904.3634373042617	5.416554861206436	329.43750574798787	14
433	-146.2028233763662	-139.7329702414189	940.7551847657683	15
434	-623.268906727665	-352.75907390695124	640.5283012719761	15
435	-1192.8689273804293	-601.3776013475181	-177.5331738046743	18
436	-1206.5079983252579	-651.021357295666	-159.1973336635511	14
437	-600.8368400594611	469.73914475531654	-440.95706071231774	14
438	-969.9096707414878	96.25898525106567	-245.15346762833926	17
439	-513.2370054573322	281.02585883210475	-291.0232648322215	17
440	-922.2538787027089	-83.21691182124856	31.206915336323824	1
441	-425.66041988528593	703.751066601968	-373.14796916903634	11
442	-742.3297307576148	832.4038843295755	-248.1277642057972	4
443	-1183.6711556245457	-608.2642031139519	-71.09075235678935	14
444	7132.618291974218	277.6459547977088	109.74854412701256	8
445	-729.1753755802195	494.4962550291184	415.1542699378374	4
446	7157.128877260084	183.73828004859445	-87.65642678228437	16
447	-1102.7775405833977	-385.45966200412215	-31.058425439047383	10
448	-1052.5223514682289	-359.55342316995086	125.29099986210599	8
449	-651.7089534847859	-12.821033243425049	-499.3269404465479	8
450	-504.6054446473159	-199.7390468970001	39.24774211862094	9
451	-983.1343749315596	-85.96261306417568	-245.8592669521486	9
452	7176.570948628487	424.577894038307	142.62507861848434	2
453	-310.6921405414848	-36.810523530567366	958.7573345380066	18
454	-875.2484888572798	241.879758247535	510.7365774563425	14
455	7040.109055011365	-73.65337396454834	156.1734620735415	12
456	-1100.1148967865158	-196.48421810856945	-185.97393511498547	11
457	6483.22265318878	-883.9149478381302	-155.50224340283148	12
458	-392.0526560055616	549.5532722089465	508.236764145761	3
459	-1129.5592687658082	-341.2663334472352	-122.83214603928509	4
460	-1038.633787843652	198.4188646386289	244.69797939097145	14
461	-1185.3162857443258	-738.9995292926874	-160.67198123535601	1
462	-37.26621629217746	980.1298109530267	490.8727240849718	14
463	6895.103643234998	-7.253076186275621	145.5371431514568	3
464	-1222.089658098075	-720.8362676860982	89.62295256493843	14
465	5952.667808849098	-1295.0547881147982	-281.4990984515551	14
466	-437.3222456723136	1066.0587172323687	-142.32478776023322	3
467	-598.1761735437833	939.9971284214328	-332.7810371105902	3
468	-1198.4538761999115	-549.171090008151	82.31046766258268	3
469	-1132.1089637710834	-359.2017525091994	135.57574248514052	3
470	-1072.363158946324	-24.93910895446605	-181.4967812922169	3
471	-1001.3509006279317	37.2771456073979	387.9165301358581	3
472	7105.222896198527	164.68468944312792	192.94338350709717	16
473	-1142.5434836743775	-509.67289916313484	513.9941820237267	18
474	-206.43943541069592	874.5105445051915	578.3302523123455	9
475	-935.363082505011	-267.52338586828444	508.61365776056067	18
476	-796.4983462729178	-12.142002844465296	-59.51259913896644	4
477	-1013.2353897835876	-192.372182057877	-504.5618101152906	13
478	-866.9941292161096	-598.7759498039882	-66.13955637340533	13
479	-1033.1986024884839	-96.90102080087775	86.68937809582852	16
480	-974.1675142165865	217.82682341965494	187.7204153842402	9
481	-1039.775526956134	-171.91443755387346	-142.4704110257386	2
482	-983.4297024292695	-205.15517105470823	-106.59487558124965	11
483	-1177.9713560857276	-690.5501143935023	14.523541465924446	2
484	-1156.056030674586	-353.8319965417609	77.4337007942843	16
485	-896.2893248417927	391.86829866849064	66.90070009855097	16
486	-499.90824958443545	-226.8970893453366	-248.76521362704244	16
487	6885.502378514949	-303.8021556826997	-102.64305677854065	4
488	6932.142207905375	-248.36900461385403	3.524123118542718	9
489	-1163.7826619241862	-385.6524955388646	-79.8404348215999	11
490	-1077.9853652005877	-145.78434551789235	-267.84101086351956	10
491	654.9236570659162	1202.7285036031276	-520.5466501376566	11
492	6856.000424389295	-155.93142171393765	-116.57035973820331	8
493	-973.2750567520749	192.35306175823618	-258.69835264477257	11
494	-1096.472385450643	-252.33422610484493	-181.65070178680804	17
495	-357.844441046047	859.4228511743817	-113.50098384112631	17
496	-935.1621842616958	200.13041122283846	-31.945235428718348	11
497	-1020.3670532888775	-130.87967247719968	-73.06255640883086	2
498	-1032.29470351687	-1.7341050743883955	-53.81900302554928	9
499	-1167.1028762610613	-557.6324460951273	414.3324706701336	18
500	-837.5529896592386	422.5429074223351	369.62040317591084	18
501	6829.867610442091	-298.47814875522874	-125.05754192558919	17
502	-1134.85868567035	-314.79346010395074	-91.11339525604623	4
503	-1097.4081189245267	-439.8728545533089	-318.81839261426325	1
504	-707.06034145099	508.55999036487964	483.9517768210362	11
505	-850.6812647834381	538.4385978021048	-284.9093014882276	4
506	-1097.9455071040818	-273.9131436896175	-247.74860189282936	2
507	-1046.3268151056532	82.14710274500632	254.7365558093585	12
508	-1091.1410351426857	-577.4513627466538	255.89083678277103	8
509	6958.366800152313	203.015308982693	53.0918947673274	18
510	-1104.4622848353972	-232.23998851677237	11.382388511026825	11
511	-1177.864296304552	-562.6073684572048	38.107215757610824	10
512	-379.17028502649475	-4.487109893497134	106.04909054654541	4
513	-933.5117860331158	-49.98198664020168	443.54097079606925	4
514	-1203.3193852148725	-590.698179152011	-62.776511145834824	4
515	-1208.4636205437039	-643.6097233285619	33.16146672077151	4
516	-921.3204569525689	17.889130847865147	39.09964701894907	9
517	-970.5200612210343	71.27357986267361	24.08357106775233	10
518	7192.540508083039	438.4056085735979	134.42048029922444	4
519	-800.7422513595261	461.94098869599253	-167.0642058862924	5
520	-1132.5316195534085	-505.4502325097035	169.02410982067929	18
521	-744.814987074676	382.7917302003989	219.80151306638206	18
522	-1068.5743409592583	-79.8170329232299	-171.2348985494985	11
523	-1138.9837294688182	-493.04262507001454	-38.77306844004546	10
524	7186.606510907467	402.8085295767353	75.61392639101075	3
525	-873.1491604025259	302.3852497184088	-152.53620451744783	11
526	-1178.7562293843139	-568.0607087501442	329.55427171282815	11
527	-1040.8405479156456	-176.19333699238328	481.3152568933417	11
528	-823.3270780958468	277.28142112265175	600.5143485352661	11
529	-1071.6982954590533	-156.09278098146223	-165.02087657762206	9
530	-1137.2094751753073	-425.0816022074457	32.92269425563678	1
531	7148.875881573633	250.7635142438454	101.97356436730786	11
532	-1116.63611033265	-480.20284038722855	52.17102759278968	4
533	-1221.7730943267375	-704.9990813206817	36.94014073645045	4
534	-1133.0568625904023	-346.38416280415083	-155.65281160738817	4
535	6377.992122814718	72.22676190048082	234.28812079107294	11
536	-905.862078350289	291.97493131576476	225.6490742690666	17
537	-913.586089730712	48.79934863996287	-516.4965462913159	11
538	-581.7270554433935	539.7024162288095	207.7489891720636	16
539	-1141.47871454248	-279.4250370237837	31.04622096367445	11
540	-1192.1533340422743	-626.9901038445752	82.57719306835534	8
541	-940.0061203570722	350.76594506337307	-34.61459751204087	16
542	-1085.5137033089231	-494.5711110528447	-295.09398662151534	1
543	-641.7211647254787	836.0039896507112	-91.00264379502573	4
544	-444.0613026280473	517.4166506668624	-384.67835965669576	9
545	7166.896645136927	247.8415076432634	-104.9663997890292	11
546	-651.1048579435294	1034.357720848162	-661.0396446518471	11
547	-1148.99581221218	-441.9126207772722	258.9565272856992	9
548	-903.8562081228031	56.10593239224791	268.6732989506681	2
549	-1162.2002354205	-435.05780594574946	252.76146129943936	11
550	-691.5498902374827	234.85213987450572	-470.01417227118964	10
551	-598.2536792956851	782.5140425913946	-207.3908736083135	10
552	-1193.4971684232382	-554.1977643358241	-238.43953033707794	14
553	-715.3631722805535	117.37596674023787	-406.4249295848684	16
554	-534.2160930332665	713.8415882068234	-337.2738815959792	9
555	-1033.0238934995791	51.12426216440544	-28.393207254572353	4
556	-1179.7858320844975	-558.500209298223	44.63229174307231	4
557	-252.45450181414415	-63.97951111957208	-324.59815321614667	7
558	-148.11039970327116	1456.657948537466	518.1330824285089	5
559	606.3642580524589	1079.6289535214066	256.90888843640073	4
560	-56.22323763599033	1093.5361284635865	78.01833277671348	16
561	-206.99155010517995	962.9951519633887	-195.3759344120939	15
562	-960.8695289695775	-10.695617672960836	363.2711195836599	11
563	-1175.3680907446449	-572.980370311097	258.82343080525493	11
564	580.0793082174346	762.4963638041189	84.25909579867549	7
565	198.74956557993707	955.5857198286656	660.7477977481019	14
566	-478.3914112714597	1133.1013393530056	-247.90711658351555	12
567	-933.9399502488269	266.6934723698537	490.2165409125066	12
568	42.67093617395386	682.0439671248349	338.5613412924423	12
569	7055.527013901468	30.98305580254646	-28.993752625766092	18
570	-1156.6596741164278	-539.8633344940531	-203.8737193084111	17
571	7122.498643623	157.84867520760497	63.072891123651516	16
572	-1208.4402484557102	-757.3357435476679	-91.01550510309437	16
573	-1055.5109075440953	-333.46520374400393	418.8963417243578	2
574	-924.8053213567663	47.33814495932393	-648.0642568600229	2
575	-1019.0876594442293	-386.5299849941361	-115.24029889672826	10
576	7147.07742712529	284.7914301655021	-149.73883354785096	2
577	-1036.0635599808745	85.48453083199306	-158.76422789695806	4
578	-1137.4674459033408	-439.581914643422	-26.12197957620129	1
579	-279.98927370484535	217.66433491155823	780.6368672734828	7
580	7029.205849250451	-139.57571471997346	-185.17914423086495	3
581	6783.023959783961	-371.49478417180296	207.86831621214537	3
582	-466.39554371526566	581.6399725690171	-260.09729603044474	11
583	-1132.4558961119576	-530.9641282008399	222.25927696641665	12
584	-1147.6889731067142	-300.3903679972508	59.66223298294961	12
585	-926.6943389773203	361.37150118600016	-190.47857833705902	12
586	7153.397968437849	334.96505088368167	91.10162928120678	8
587	-816.0177343612049	2.589336612545395	-71.3008866861264	17
588	-918.4792751961434	-428.82574403816585	-321.6068041674628	4
589	-1208.6600341903495	-753.5633095409656	-84.14575527803956	18
590	-618.751635097905	252.49322915107595	-32.841416426173765	2
591	-800.41442608531	-7.529763687699216	-264.91698139661565	18
592	-579.7475995095145	-222.08398818049545	-453.17297743877793	18
593	-937.2444672262208	22.569816594760297	-764.7576343698364	1
594	-1078.409552271655	-183.07429400222605	-435.70976527034753	1
595	-740.6998065228881	162.2950538994017	-132.3473783379682	18
596	-995.8637419089035	-70.1259682880981	-24.56688303590613	11
597	-1037.2119382595827	12.644033885145774	479.82270893695494	11
598	-915.957675894696	219.37950350172926	500.2248770427637	5
599	-1211.7824802271914	-641.7219439450209	-20.448964954643593	2
600	-1089.3858051938714	-219.62037135659247	378.3067645025055	11
601	-62.43851198713486	896.0179150401094	172.04803833993984	11
602	-1163.0919862227	-499.4210099946072	44.55960577999034	4
603	-696.9863264448854	-22.47340213676013	-772.0407033038496	2
604	-1031.3472046291463	-227.37113896419504	-500.4316330051345	2
605	-836.3260104480721	-29.144319369969253	253.05262790533905	3
606	-1210.2365388265953	-633.6510123192936	14.577204821995402	18
607	-988.5105855185085	-139.51900235461306	92.45767666642271	11
608	-1134.8488736476202	-297.3513972315401	275.57106003471995	2
609	-1053.1950063800437	-229.34048965371622	145.63043453343008	18
610	-804.1475057453108	840.9313090194865	404.43124871538635	7
611	-1162.633658401777	-546.9648191437726	342.96043604394225	11
612	-1106.0212915288255	-286.56524426376563	-425.30772755451216	11
613	-1151.1901867272252	-403.9699706279122	283.89119486887455	18
614	-1112.4483628064181	-234.41972317111444	-50.37649116771771	16
615	-367.28705294986446	722.1532072865684	224.3720759301885	2
616	6695.9211601985035	-352.82380381882945	-260.10258308467434	2
617	-1025.4245480344368	-67.1149128756077	61.135484505359216	10
618	-1198.2930243055039	-583.6158983553219	294.1215698047846	2
619	-1063.8033109739788	-312.58967758618627	-265.1660323550375	18
620	-1209.6472957393512	-679.9239610354282	-88.00154044804736	8
621	-588.6606954948861	-269.97082487614654	-272.5199390297738	14
622	-1083.5349499063705	-27.26327002214822	605.4022592451372	18
623	6542.610066290109	-430.7436642011178	579.3255131766776	4
624	-571.5059624595574	581.7830183433534	-99.66267424969726	11
625	-758.1226969540247	191.1387800474027	-296.78513231964985	2
626	-777.4157873100503	347.985696341151	-319.3130941626205	9
627	-827.0801448576374	-124.19749171759723	-135.9169715856433	15
628	-1024.4334781442928	-98.8362977104083	-153.39846014018903	2
629	-1155.5916842873407	-549.5502511417473	288.98884835872065	2
630	-1131.3802123592818	-359.0352227198067	-26.053694998242484	4
631	-970.0840094403356	-144.97858962932133	533.0410789275851	3
632	-1145.5961556928648	-597.2164180220539	-214.44042229511777	3
633	-587.1272205456748	529.0299587817932	414.09855723398965	3
634	-6.648620986684932	1193.3596368090502	819.6160461897186	4
635	-1046.3783321825172	-409.7691450340351	654.1023396661734	4
636	-927.2931821539079	8.9499219870778	-832.4390684154407	7
637	-348.99323579040924	1058.5090706374085	46.36028960832474	11
638	-548.7573526560177	981.920083094025	-1057.0403744894709	11
639	-1055.7472952201615	-25.81506520885931	161.28458520206115	11
640	-1046.355741723302	-153.11803325803953	-397.3886402532895	9
641	-678.3153692065254	1112.511026693103	203.53087094692228	6
642	-799.1418555768299	512.7027777504605	-390.571566273323	4
643	-1069.571844966045	-83.73718746282786	-180.97420456998486	5
644	-1077.3804506626311	-447.85175079724263	-307.69025480115624	1
645	-1142.7649497114728	-465.76209530667245	-1.679196593533817	2
646	-452.82065541407064	1316.3975707760821	-114.94412817804283	4
647	-1176.9836165018294	-508.6169677938085	56.63937210120768	5
648	-847.2411815339473	352.2478693136892	251.48608166248846	2
649	-1049.5445320641106	-3.524638183076476	76.52119595834415	6
650	6507.803049555732	-104.75680539223094	-33.556046065246704	14
651	-1149.7657375679435	-309.94863229744817	348.0333762636551	14
652	-918.0823777237488	33.42217563565467	224.19220460143774	16
653	-1195.409318896674	-578.5208214345743	-140.2374202805442	4
654	-1149.0634858631336	-300.1655361509678	-38.39253649305132	18
655	-1151.6285154859	-281.8337861443938	272.51985136905995	5
656	-1220.9250181086752	-840.6230315215812	262.5749235055055	18
657	-948.6587081883861	108.65972400602656	-72.92251613699692	4
658	-711.6685144606164	714.8216278882389	169.40014468292662	8
659	-1190.384018440721	-601.8706255536886	-202.96589000590367	14
660	-1165.9099223176065	-467.6932967665024	262.60531949316805	6
661	-1066.0867812885008	-91.91594888676997	-31.105366773055287	11
662	6144.8289947593885	-883.9585211210349	-22.36324416334361	16
663	-834.878593550195	-166.04943683697263	-620.8074533691298	4
664	-846.1520105183695	-311.66401505892554	98.43112845385401	4
665	-1006.5878561195335	-627.6594971674808	51.87244146830433	4
666	-1234.4276011534566	-772.978198922965	31.51289427159808	4
667	-911.3392357969805	330.4025396813614	228.57155162279878	11
668	-1189.0054439288174	-583.6628436087815	134.2591998205403	11
669	-339.21882726125216	381.1570190678777	-784.2017212408091	15
670	7085.444516923517	131.58375003483036	-14.953160314064405	2
671	-166.1762249664444	712.0724901910852	-339.5694631788061	4
672	7154.905300803116	249.65938927508114	0.056846294697948	4
673	-617.936992416674	594.2788549612326	-308.771595654018	12
674	-962.2920352009227	-102.19059282617206	299.82787465922655	3
675	-1066.2716516027629	-453.3167464588206	-120.08310196416758	16
676	-723.467217273631	381.67663917529103	3.6849865646453424	11
677	-962.7343168384726	-47.7641342097358	-428.5450481134998	2
678	-1222.3325801816657	-772.4991213069237	-8.344170071999109	2
679	-1165.704799751678	-770.2024024987838	216.36074496448776	18
680	-805.2009840172749	-35.14166050717159	1329.6562396091624	4
681	-1132.3721194174873	-441.7819590451078	-71.4934081449749	18
682	-527.6534117344592	1084.0901175223323	-147.69315850966245	3
683	-267.6353174332104	764.8561614894055	-56.68669203971246	11
684	-71.98925179342956	237.21308222577935	703.5761217241549	11
685	-1114.1974525693659	-687.6947434481955	323.93171079098823	4
686	-1215.5952306260097	-711.3460192423593	212.41380966389082	5
687	-1036.4517419271467	244.24066208537477	259.44542619213547	6
688	-933.8360974647302	-106.68353457794188	118.95869455653741	14
689	-777.9748843879097	366.14532081616994	-735.8641688851962	6
690	-1210.9026694868016	-666.4718944722331	11.195574821268686	4
691	-627.6026226909216	-431.6626687636294	-12.426272290885287	9
692	-1052.6469268842459	-100.55742463828008	315.72378492836276	2
693	-88.60304697446492	1090.36423908832	193.3224658465809	2
694	6581.9178852822215	-617.0395315280224	-98.82379295450465	2
695	6904.260593896627	-432.06984839000984	279.9222455981824	11
696	6574.676608448195	-756.9685762343702	-265.1475732635808	10
697	7012.833441726652	-130.92725059289864	211.23034093847014	14
698	-843.0796662347401	190.46900746373024	126.1631882037646	4
699	-1092.438931604476	-290.35886611044134	-172.72393126370315	4
700	-1144.6767283809097	-653.5563484566278	-182.3231964700926	11
701	-856.2105262200325	187.76855029410842	-626.1693695591173	11
702	-1156.7502809864752	-486.369058054295	22.286052643193422	9
703	-105.98585605754704	906.8549365875261	546.57725233861	16
704	-314.9037056499611	722.7710059749566	679.5989663499715	17
705	-420.9750327194888	731.1019404903774	-931.9127347064817	10
706	-1005.1741697463434	33.37461390314775	-208.6282244357535	17
707	-1066.5386887691786	-598.732244109261	503.82414654143633	11
708	7179.92175539253	443.67876809487007	119.47159936250159	10
709	-852.7226632686437	212.95740001693946	864.5811791689938	6
710	-1139.9357082748813	-262.1938342047192	185.05924009538762	6
711	-1023.1730127536919	19.441670458991553	-628.1019717078884	6
712	-1197.2680317276627	-599.5536699980494	-187.59434126706523	9
713	-563.6809785900907	434.2400776702825	-411.9556825637454	9
714	-332.3527145839229	668.937242772001	-737.1249026128195	13
715	6865.4405856662825	-516.6433188608518	-190.58974512088162	9
716	-198.41503532708677	338.46524362782	65.68953358335219	2
717	-1078.26966711519	-112.7809665606811	-116.73183386424373	11
718	6502.005144335011	-724.3912542488468	-447.78898800591674	4
719	6631.694343537256	-612.1145063150243	-303.86894891105356	3
720	-786.932156585187	29.054919389371094	-138.84594401595191	3
721	-852.4072493713606	-167.11780168771713	526.5947006582472	4
722	-1048.3588629602832	-190.88773203863647	398.09063117413774	12
723	-1111.713873882693	-356.24811576657027	-465.7633362149421	2
724	-424.43563623787014	40.12125556991525	-134.37498080774114	8
725	-767.2738933750986	-30.328944163963186	189.585758614899	2
726	-1104.3263344086185	-509.6269970956688	172.33326708659743	3
727	7026.795342110864	-87.0283350901135	-134.5124606016101	4
728	6788.011276260381	-343.3189326529552	85.29051041415278	2
729	6845.426840151285	-578.4627167294077	68.43936899235086	9
730	-1158.4279113902526	-451.7944941389653	-149.57487278261527	2
731	-1227.803867992306	-746.2684440858543	212.47765239765047	11
732	-1224.677954110187	-794.4415731231097	320.13064405009595	10
733	6640.848220824604	-690.725404292982	291.91380844217133	4
734	-499.71138354692073	823.3173744239356	-916.8648947467001	9
735	-221.2945585281688	1118.051013065451	-364.5836202446058	16
736	-208.16271784420516	855.2045209643755	-120.02645394738643	16
737	-1093.7672682950003	-265.2775616839737	-405.87876851248876	17
738	-951.6090226205413	-101.72220598468874	108.05997210632712	16
739	-1091.1017308409494	-570.2820790075895	-263.36431172225383	1
740	-578.8437694535446	-236.83168535943346	-207.57726111617387	4
741	-1250.9837257704655	-913.9213579799398	-43.649574187349195	14
742	-525.59089663487	610.8786216187103	-203.40535849965536	4
743	-1074.0082038737323	-191.64707542660236	-224.18963885050738	14
744	-995.677534544887	106.3126412013018	-148.63513796866604	5
745	-1127.3244515053727	-207.14538032502114	-91.58125928642545	5
746	-473.0619115989505	1168.4321997480815	253.45230247208653	5
747	-846.3201303992014	240.50258250943097	215.4226402841257	11
748	-1113.774907008797	-392.73862266721676	333.5158366915164	18
749	-776.3728474059582	130.38037628263206	210.42832931919315	18
750	-1159.8942911274703	-460.1122282713161	73.44548131460718	18
751	-246.60622168653418	1122.1556071972568	259.9452672377176	2
752	-603.8346761053114	190.81716647351573	-724.8278484123874	18
753	-1115.8752054292722	-671.8378878017127	380.88289948721473	12
754	-1088.742436609854	-354.7164065366153	-273.9505766977254	14
755	-789.5298772545061	328.91851236067146	-52.52064782235287	2
756	-727.6810351575075	747.520375569948	140.0205674579014	4
757	6782.052304155501	-420.7128885899226	29.024326370248104	18
758	-982.5810216498179	-209.63091603132236	225.06625340990638	2
759	-657.0251405940915	191.5359751539566	-194.69976125590765	2
760	148.68466149927931	833.6180847556218	987.859878948038	18
761	-1047.8275302108518	-181.23792285172735	35.88016484418046	18
762	-392.83967370888905	-2.8309248200767314	38.761608733434336	9
763	-698.9152832378693	631.150805098663	212.90969893629804	18
764	-1126.1540376977678	-210.45786429391026	259.3394673619125	10
765	-1051.1660587875608	-200.33984452612592	149.61402765223096	1
766	-1155.6952408233667	-510.63219819822234	223.40429950862674	9
767	-553.5405576005517	1153.431497243157	858.1731465681695	11
768	1624.4701290853802	1298.3097979122538	351.846641787424	11
769	-411.1492853179041	956.7220510289935	-87.0626406023257	5
770	-777.2212029118201	549.9486287217187	-222.19254309826147	11
771	-1002.4428144185093	-290.0072995817587	-538.5300759465109	4
772	-854.0365008439524	40.226705663485234	-352.7666703277937	1
773	-1238.24168009736	-799.3509249471633	-65.41856218010622	18
774	-1113.151101185091	-420.9552077842227	326.2652890485568	2
775	-889.1587154048958	180.07175973210022	774.6778919465571	3
776	-526.7633005028265	987.1618512036657	280.0667779417994	2
777	-809.6501695527119	482.5888109513961	22.137582818332163	18
778	-1083.9330170980572	-435.6823009369558	412.1559903864954	11
779	-1062.1404799173215	-63.50862691248042	206.5963597615332	4
780	-863.9918479759721	558.4277402787872	-88.07477502694059	4
781	7124.542016173946	259.71459933459585	-95.94475895421863	18
782	-1035.1268108537704	-858.496339211299	443.40355855151546	11
783	7192.788722255628	491.6343665544241	-21.843953126454494	11
784	-949.4090857680511	225.4390895688631	-400.70222931337184	14
785	-1142.0161388169417	-430.74668669451466	279.39854204109326	14
786	-1150.8948576281682	-420.5860980306244	152.92088718347657	11
787	-1127.1483975713143	-572.776960073747	179.19944687303015	18
788	-1174.0672663514902	-457.2869232602121	-92.62954534577875	18
789	-1134.9145441042876	-480.15858030271613	93.69518362541825	14
790	-956.2863552062097	51.1064909494723	-752.7933216164743	14
791	-387.8806358829209	-280.1877515148271	-761.7784494869614	6
792	6536.678319047289	-87.48184491869233	-70.9729134593399	10
793	-1196.027298098475	-774.1987180707997	-59.780152459377106	8
794	-896.2839673341967	-598.6528932779929	789.9375164502418	18
795	-914.5529599280621	-623.0860859303032	552.2585782005307	18
796	7105.071414631394	48.829218407234066	-107.6265773394988	4
797	-450.3053147462441	-501.7387611118581	-36.59575407479741	1
798	-842.1426999405151	558.7665813331575	-499.4015746463304	4
799	-739.9688179560314	124.68340180902695	21.32729916930194	10
800	-843.0519463104245	-223.43514532572138	-2.3093637439359362	10
801	-509.1037320995449	-290.3869734862938	-155.60170386427728	7
802	6854.640802490961	-443.62449357621813	124.95250844043318	10
803	-1092.0441651131716	-265.18927940386664	469.5824646912741	4
804	-781.1087483899554	-261.9554094431493	-135.4690372877391	1
805	-1142.158902174371	-517.6366416184549	-82.02555960393647	1
806	-1088.8852122533717	-506.7925018619808	511.43581749890603	3
807	-846.1423402763276	-52.71549377952293	-153.56859310002008	1
808	-572.5291196504223	-1.1607599552829697	-203.06820180706572	7
